xxxxxxxxxxxxxxxxxxxxxxxxxxxxxxxxxxxxxxxxxxxxxxxxxxxxxxxxxxxxxxxxxxxxxxxxxxxxxxxxxxxxxxxxxxxxxxxxxxxxxxxxxxxxxxxxxxxxxxxx

xxxxxxxxxxxxxxxxxxxxxxxxxxxxxxxxxxxxxxxxxxxxxxxxxxxxxxxxxxxxxxxxxxxxxxxxxxxxxxxxxxxxxxxxxxxxxxxxxxxxxxxxxxxxxxxxxxxxxxxx


**************************************************************************************************************

**************************************************************************************************************


ELASTIC
Ar
 1.360000e-5
SPECIES: e / Ar
PROCESS: E + Ar -> E + Ar, Elastic
PARAM.:  m/M = 0.0000136, complete set
COMMENT: From Biagi elastic MOMENTUM-TRANSFER CROSS SECTION.
UPDATED: 2011-01-19 09:34:55
COLUMNS: Energy (eV) | Cross section (m2)
-----------------------------
 0.000000e+0	7.100000e-20
 1.000000e-3	6.298400e-20
 2.000000e-3	5.835000e-20
 5.000000e-3	4.977500e-20
 1.000000e-2	4.113000e-20
 2.000000e-2	3.071300e-20
 5.000000e-2	1.570900e-20
 1.000000e-1	6.062200e-21
 1.092000e-1	5.117000e-21
 1.482000e-1	2.519100e-21
 1.885000e-1	1.330700e-21
 2.303000e-1	9.762900e-22
 2.735000e-1	1.139000e-21
 3.183000e-1	1.628900e-21
 3.646000e-1	2.326700e-21
 4.125000e-1	3.155200e-21
 4.622000e-1	4.064500e-21
 5.136000e-1	5.023100e-21
 5.668000e-1	6.012300e-21
 6.218000e-1	7.023300e-21
 6.788000e-1	8.054600e-21
 7.378000e-1	9.110500e-21
 7.989000e-1	1.020000e-20
 8.621000e-1	1.133700e-20
 9.275000e-1	1.253700e-20
 9.953000e-1	1.382100e-20
 1.065400e+0	1.479100e-20
 1.138000e+0	1.576700e-20
 1.213100e+0	1.677000e-20
 1.290900e+0	1.778100e-20
 1.371400e+0	1.882800e-20
 1.454700e+0	1.991100e-20
 1.541000e+0	2.107400e-20
 1.630300e+0	2.232400e-20
 1.722700e+0	2.358000e-20
 1.818400e+0	2.476000e-20
 1.917400e+0	2.598200e-20
 2.020000e+0	2.729100e-20
 2.126100e+0	2.884100e-20
 2.235900e+0	3.044500e-20
 2.349700e+0	3.210500e-20
 2.467400e+0	3.382400e-20
 2.589200e+0	3.558500e-20
 2.715400e+0	3.740100e-20
 2.845900e+0	3.928100e-20
 2.981100e+0	4.122700e-20
 3.121000e+0	4.331500e-20
 3.265800e+0	4.548700e-20
 3.415700e+0	4.773600e-20
 3.570900e+0	5.006300e-20
 3.731500e+0	5.247300e-20
 3.897800e+0	5.496700e-20
 4.069900e+0	5.775100e-20
 4.248100e+0	6.093800e-20
 4.432500e+0	6.423700e-20
 4.623400e+0	6.765200e-20
 4.821000e+0	7.118700e-20
 5.025600e+0	7.507600e-20
 5.237300e+0	7.901500e-20
 5.456500e+0	8.309200e-20
 5.683400e+0	8.731200e-20
 5.918300e+0	9.168100e-20
 6.161400e+0	9.628400e-20
 6.413100e+0	1.010900e-19
 6.673600e+0	1.060800e-19
 6.943300e+0	1.118000e-19
 7.222400e+0	1.170000e-19
 7.511400e+0	1.222000e-19
 7.810500e+0	1.275900e-19
 8.120100e+0	1.326900e-19
 8.440600e+0	1.372100e-19
 8.772400e+0	1.416500e-19
 9.115800e+0	1.451600e-19
 9.471300e+0	1.487100e-19
 9.839300e+0	1.523900e-19
 1.022020e+1	1.548800e-19
 1.061450e+1	1.564600e-19
 1.100000e+1	1.580000e-19
 1.160000e+1	1.580000e-19
 1.220000e+1	1.571000e-19
 1.280380e+1	1.547800e-19
 1.328890e+1	1.525600e-19
 1.379110e+1	1.495700e-19
 1.431090e+1	1.458200e-19
 1.484890e+1	1.420600e-19
 1.540590e+1	1.373500e-19
 1.598240e+1	1.321600e-19
 1.657920e+1	1.291500e-19
 1.719700e+1	1.225700e-19
 1.783650e+1	1.157400e-19
 1.849840e+1	1.110100e-19
 1.918370e+1	1.069000e-19
 1.989300e+1	1.026400e-19
 2.062720e+1	9.899000e-20
 2.138720e+1	9.534100e-20
 2.217390e+1	9.156500e-20
 2.298830e+1	8.765600e-20
 2.383130e+1	8.361000e-20
 2.470400e+1	7.942100e-20
 2.560730e+1	7.611800e-20
 2.654230e+1	7.321900e-20
 2.751020e+1	7.021800e-20
 2.851210e+1	6.711300e-20
 2.954920e+1	6.389700e-20
 3.062280e+1	6.137900e-20
 3.173410e+1	5.937900e-20
 3.288440e+1	5.730800e-20
 3.407520e+1	5.516500e-20
 3.530780e+1	5.294600e-20
 3.658370e+1	5.064900e-20
 3.790450e+1	4.827200e-20
 3.927170e+1	4.581100e-20
 4.068690e+1	4.384700e-20
 4.215190e+1	4.245600e-20
 4.366840e+1	4.101500e-20
 4.523810e+1	3.952400e-20
 4.686300e+1	3.798000e-20
 4.854500e+1	3.638200e-20
 5.028610e+1	3.480000e-20
 5.208840e+1	3.353800e-20
 5.395410e+1	3.223200e-20
 5.588530e+1	3.088000e-20
 5.788440e+1	2.948100e-20
 5.995370e+1	2.803200e-20
 6.209570e+1	2.674300e-20
 6.431310e+1	2.541200e-20
 6.660830e+1	2.403500e-20
 6.898420e+1	2.260900e-20
 7.144360e+1	2.171100e-20
 7.398940e+1	2.120200e-20
 7.662470e+1	2.067500e-20
 7.935260e+1	2.012900e-20
 8.217640e+1	1.940100e-20
 8.509940e+1	1.859800e-20
 8.812510e+1	1.776600e-20
 9.125710e+1	1.690400e-20
 9.449930e+1	1.601300e-20
 9.785530e+1	1.509000e-20
 1.013293e+2	1.435400e-20
 1.049254e+2	1.395800e-20
 1.086478e+2	1.354900e-20
 1.125011e+2	1.312500e-20
 1.164898e+2	1.268600e-20
 1.206186e+2	1.223200e-20
 1.248925e+2	1.176200e-20
 1.293167e+2	1.127500e-20
 1.338963e+2	1.077100e-20
 1.386368e+2	1.025000e-20
 1.435440e+2	9.710200e-21
 1.486236e+2	9.151400e-21
 1.538817e+2	8.790400e-21
 1.593245e+2	8.496500e-21
 1.649587e+2	8.192200e-21
 1.707908e+2	7.877300e-21
 1.768279e+2	7.551300e-21
 1.830772e+2	7.213800e-21
 1.895461e+2	6.864500e-21
 1.962423e+2	6.502900e-21
 2.031738e+2	6.244500e-21
 2.103489e+2	6.118900e-21
 2.177762e+2	5.988900e-21
 2.254644e+2	5.854400e-21
 2.334229e+2	5.715100e-21
 2.416610e+2	5.570900e-21
 2.501886e+2	5.421700e-21
 2.590160e+2	5.267200e-21
 2.681535e+2	5.107300e-21
 2.776121e+2	4.941800e-21
 2.874032e+2	4.770400e-21
 2.975383e+2	4.593100e-21
 3.080295e+2	4.409500e-21
 3.188895e+2	4.219400e-21
 3.301311e+2	4.022700e-21
 3.417678e+2	3.819100e-21
 3.538134e+2	3.608300e-21
 3.662823e+2	3.390100e-21
 3.791894e+2	3.164200e-21
 3.925501e+2	2.930400e-21
 4.063803e+2	2.789400e-21
 4.355158e+2	2.740800e-21
 4.667351e+2	2.688800e-21
 4.831724e+2	2.661400e-21
 5.001872e+2	2.633000e-21
 5.178000e+2	2.603700e-21
 5.360318e+2	2.573300e-21
 5.549043e+2	2.541800e-21
 5.744399e+2	2.509300e-21
 5.946621e+2	2.475600e-21
 6.155950e+2	2.440700e-21
 6.372635e+2	2.404600e-21
 6.596934e+2	2.367200e-21
 6.829116e+2	2.328500e-21
 7.069458e+2	2.288400e-21
 7.318245e+2	2.247000e-21
 7.575776e+2	2.204000e-21
 7.842356e+2	2.159600e-21
 8.118305e+2	2.113600e-21
 8.403951e+2	2.066000e-21
 8.699636e+2	2.016700e-21
 9.005711e+2	1.965700e-21
 9.322543e+2	1.912900e-21
 9.650509e+2	1.858200e-21
-----------------------------

EXCITATION
Ar -> Ar*(11.55eV)
 1.155000e+01
SPECIES :  e / Ar
PROCESS:  E + Ar -> Ar_4s*(11.55 eV) + E, Excitation
PARAM.:   E = 11.55
COMMENT:  None
UPDATED:  03/05/24
COLUMNS: Energy (eV) | Cross section (m2)
-----------------------------
 1.148472e+01    0.000000e+00
 1.156448e+01    4.667813e-23
 1.164481e+01    3.161670e-22
 1.172569e+01    1.925838e-22
 1.180713e+01    2.470123e-22
 1.188914e+01    2.975711e-22
 1.197171e+01    2.954509e-22
 1.205486e+01    3.238960e-22
 1.213859e+01    3.609330e-22
 1.222290e+01    4.088833e-22
 1.230780e+01    4.655963e-22
 1.239328e+01    5.303881e-22
 1.247936e+01    6.005398e-22
 1.256604e+01    6.731973e-22
 1.265332e+01    7.446712e-22
 1.274120e+01    8.103582e-22
 1.282970e+01    8.648499e-22
 1.291881e+01    8.998970e-22
 1.300854e+01    8.988689e-22
 1.309889e+01    7.968967e-22
 1.318987e+01    6.872400e-22
 1.328148e+01    7.413986e-22
 1.337373e+01    8.795853e-22
 1.346662e+01    9.676142e-22
 1.356015e+01    9.869523e-22
 1.365433e+01    9.212892e-22
 1.374917e+01    9.445548e-22
 1.384467e+01    9.507184e-22
 1.394083e+01    9.366919e-22
 1.403766e+01    9.462114e-22
 1.413516e+01    1.018887e-21
 1.423333e+01    1.048199e-21
 1.433219e+01    1.060532e-21
 1.443174e+01    1.075854e-21
 1.453198e+01    1.128099e-21
 1.463291e+01    1.165729e-21
 1.473454e+01    1.184860e-21
 1.483688e+01    1.208928e-21
 1.493993e+01    1.223969e-21
 1.504370e+01    1.268851e-21
 1.514819e+01    1.302799e-21
 1.525340e+01    1.309930e-21
 1.535935e+01    1.316863e-21
 1.546603e+01    1.347488e-21
 1.557345e+01    1.383633e-21
 1.568161e+01    1.409960e-21
 1.579053e+01    1.423148e-21
 1.590021e+01    1.435647e-21
 1.601064e+01    1.471943e-21
 1.612185e+01    1.477676e-21
 1.623382e+01    1.483434e-21
 1.634658e+01    1.489218e-21
 1.646012e+01    1.495028e-21
 1.657444e+01    1.500864e-21
 1.668956e+01    1.506725e-21
 1.680548e+01    1.524423e-21
 1.692220e+01    1.555618e-21
 1.703974e+01    1.587555e-21
 1.715809e+01    1.620254e-21
 1.727726e+01    1.648508e-21
 1.739726e+01    1.659402e-21
 1.751810e+01    1.669063e-21
 1.763977e+01    1.670784e-21
 1.776229e+01    1.672519e-21
 1.788566e+01    1.674266e-21
 1.800989e+01    1.674043e-21
 1.813498e+01    1.673555e-21
 1.826094e+01    1.711021e-21
 1.838777e+01    1.713467e-21
 1.851548e+01    1.715930e-21
 1.864409e+01    1.718411e-21
 1.877358e+01    1.720910e-21
 1.890397e+01    1.723427e-21
 1.903527e+01    1.725962e-21
 1.916748e+01    1.728514e-21
 1.930061e+01    1.733475e-21
 1.943467e+01    1.742478e-21
 1.956965e+01    1.751651e-21
 1.970558e+01    1.760995e-21
 1.984245e+01    1.770511e-21
 1.998026e+01    1.780200e-21
 2.011904e+01    1.775990e-21
 2.025878e+01    1.769507e-21
 2.039949e+01    1.763097e-21
 2.054117e+01    1.756760e-21
 2.068384e+01    1.750494e-21
 2.082751e+01    1.744299e-21
 2.097217e+01    1.738172e-21
 2.111783e+01    1.743712e-21
 2.126451e+01    1.752087e-21
 2.141220e+01    1.760539e-21
 2.156092e+01    1.769069e-21
 2.171068e+01    1.777676e-21
 2.186147e+01    1.786362e-21
 2.201331e+01    1.794614e-21
 2.216621e+01    1.797574e-21
 2.232016e+01    1.800676e-21
 2.247519e+01    1.803919e-21
 2.263130e+01    1.807301e-21
 2.278848e+01    1.810821e-21
 2.294676e+01    1.814477e-21
 2.310614e+01    1.819028e-21
 2.326663e+01    1.824037e-21
 2.342823e+01    1.829108e-21
 2.359095e+01    1.834243e-21
 2.375481e+01    1.839440e-21
 2.391980e+01    1.844700e-21
 2.408594e+01    1.849010e-21
 2.425323e+01    1.852453e-21
 2.442168e+01    1.855988e-21
 2.459130e+01    1.859614e-21
 2.476211e+01    1.863330e-21
 2.493409e+01    1.867136e-21
 2.510728e+01    1.872055e-21
 2.528166e+01    1.877698e-21
 2.545726e+01    1.883435e-21
 2.563407e+01    1.889264e-21
 2.581212e+01    1.895186e-21
 2.599140e+01    1.901201e-21
 2.617193e+01    1.907307e-21
 2.635371e+01    1.913506e-21
 2.653675e+01    1.919796e-21
 2.672106e+01    1.926178e-21
 2.690666e+01    1.932651e-21
 2.709354e+01    1.939215e-21
 2.728172e+01    1.945870e-21
 2.747121e+01    1.952616e-21
 2.766201e+01    1.959452e-21
 2.785414e+01    1.966379e-21
 2.804761e+01    1.973396e-21
 2.824241e+01    1.980503e-21
 2.843857e+01    1.987700e-21
 2.863610e+01    1.994987e-21
 2.883499e+01    2.002364e-21
 2.903527e+01    2.009830e-21
 2.923694e+01    2.017386e-21
 2.944000e+01    2.025031e-21
 2.964448e+01    2.032765e-21
 2.985038e+01    2.040589e-21
 3.005771e+01    2.048866e-21
 3.026648e+01    2.058197e-21
 3.047670e+01    2.067644e-21
 3.068838e+01    2.077209e-21
 3.090153e+01    2.086890e-21
 3.111616e+01    2.096688e-21
 3.133228e+01    2.106602e-21
 3.154990e+01    2.116633e-21
 3.176903e+01    2.126780e-21
 3.198969e+01    2.137044e-21
 3.221188e+01    2.147424e-21
 3.243561e+01    2.157921e-21
 3.266089e+01    2.168535e-21
 3.288774e+01    2.179264e-21
 3.311617e+01    2.190111e-21
 3.334618e+01    2.201074e-21
 3.357779e+01    2.212154e-21
 3.381101e+01    2.223351e-21
 3.404585e+01    2.234665e-21
 3.428231e+01    2.246095e-21
 3.452043e+01    2.257643e-21
 3.476019e+01    2.269308e-21
 3.500162e+01    2.281030e-21
 3.524473e+01    2.282512e-21
 3.548953e+01    2.284104e-21
 3.573602e+01    2.285801e-21
 3.598423e+01    2.287601e-21
 3.623416e+01    2.289503e-21
 3.648583e+01    2.291503e-21
 3.673925e+01    2.293599e-21
 3.699442e+01    2.295789e-21
 3.725137e+01    2.298071e-21
 3.751011e+01    2.300443e-21
 3.777064e+01    2.302902e-21
 3.803298e+01    2.305447e-21
 3.829714e+01    2.308076e-21
 3.856314e+01    2.310786e-21
 3.883098e+01    2.313577e-21
 3.910069e+01    2.316445e-21
 3.937226e+01    2.319390e-21
 3.964573e+01    2.322410e-21
 3.992109e+01    2.325503e-21
 4.019837e+01    2.329340e-21
 4.047757e+01    2.333505e-21
 4.075871e+01    2.337727e-21
 4.104181e+01    2.342004e-21
 4.132687e+01    2.346336e-21
 4.161391e+01    2.350722e-21
 4.190294e+01    2.355161e-21
 4.219398e+01    2.359652e-21
 4.248704e+01    2.364195e-21
 4.278214e+01    2.368787e-21
 4.307929e+01    2.373430e-21
 4.337850e+01    2.378121e-21
 4.367979e+01    2.382860e-21
 4.398317e+01    2.387647e-21
 4.428866e+01    2.392480e-21
 4.459628e+01    2.397359e-21
 4.490602e+01    2.402284e-21
 4.521792e+01    2.407252e-21
 4.553199e+01    2.412265e-21
 4.584824e+01    2.417321e-21
 4.616668e+01    2.422420e-21
 4.648734e+01    2.427561e-21
 4.681022e+01    2.432743e-21
 4.713535e+01    2.437966e-21
 4.746273e+01    2.443230e-21
 4.779239e+01    2.448533e-21
 4.812433e+01    2.453875e-21
 4.845859e+01    2.459257e-21
 4.879516e+01    2.464676e-21
 4.913407e+01    2.470133e-21
 4.947534e+01    2.475628e-21
 4.981898e+01    2.481159e-21
 5.016500e+01    2.486253e-21
 5.051342e+01    2.490844e-21
 5.086427e+01    2.495452e-21
 5.121755e+01    2.500077e-21
 5.157329e+01    2.504719e-21
 5.193150e+01    2.509377e-21
 5.229220e+01    2.514051e-21
 5.265540e+01    2.518742e-21
 5.302112e+01    2.523450e-21
 5.338938e+01    2.528173e-21
 5.376021e+01    2.532913e-21
 5.413360e+01    2.537669e-21
 5.450959e+01    2.542441e-21
 5.488820e+01    2.547229e-21
 5.526943e+01    2.552034e-21
 5.565331e+01    2.556854e-21
 5.603985e+01    2.561690e-21
 5.642908e+01    2.566542e-21
 5.682102e+01    2.571410e-21
 5.721568e+01    2.576294e-21
 5.761307e+01    2.581194e-21
 5.801323e+01    2.586109e-21
 5.841617e+01    2.591040e-21
 5.882190e+01    2.595987e-21
 5.923046e+01    2.600949e-21
 5.964185e+01    2.605927e-21
 6.005610e+01    2.610552e-21
 6.047322e+01    2.612815e-21
 6.089325e+01    2.615085e-21
 6.131619e+01    2.617362e-21
 6.174207e+01    2.619647e-21
 6.217090e+01    2.621939e-21
 6.260272e+01    2.624239e-21
 6.303753e+01    2.626546e-21
 6.347537e+01    2.628860e-21
 6.391624e+01    2.631181e-21
 6.436018e+01    2.633509e-21
 6.480720e+01    2.635844e-21
 6.525732e+01    2.638186e-21
 6.571058e+01    2.640535e-21
 6.616698e+01    2.642891e-21
 6.662655e+01    2.645254e-21
 6.708931e+01    2.647623e-21
 6.755528e+01    2.649999e-21
 6.802450e+01    2.652381e-21
 6.849697e+01    2.654770e-21
 6.897272e+01    2.657166e-21
 6.945178e+01    2.659568e-21
 6.993416e+01    2.661976e-21
 7.041990e+01    2.662441e-21
 7.090901e+01    2.662601e-21
 7.140151e+01    2.662765e-21
 7.189744e+01    2.662933e-21
 7.239681e+01    2.663105e-21
 7.289965e+01    2.663281e-21
 7.340598e+01    2.663460e-21
 7.391583e+01    2.663643e-21
 7.442922e+01    2.663830e-21
 7.494618e+01    2.664020e-21
 7.546673e+01    2.664214e-21
 7.599089e+01    2.664411e-21
 7.651869e+01    2.664612e-21
 7.705016e+01    2.664816e-21
 7.758532e+01    2.665023e-21
 7.812420e+01    2.665233e-21
 7.866682e+01    2.665447e-21
 7.921321e+01    2.665664e-21
 7.976339e+01    2.665883e-21
 8.031740e+01    2.665075e-21
 8.087525e+01    2.663496e-21
 8.143698e+01    2.661922e-21
 8.200261e+01    2.660351e-21
 8.257216e+01    2.658784e-21
 8.314568e+01    2.657220e-21
 8.372318e+01    2.655660e-21
 8.430468e+01    2.654104e-21
 8.489023e+01    2.652551e-21
 8.547985e+01    2.651002e-21
 8.607355e+01    2.649456e-21
 8.667139e+01    2.647913e-21
 8.727337e+01    2.646374e-21
 8.787954e+01    2.644838e-21
 8.848992e+01    2.643306e-21
 8.910453e+01    2.641777e-21
 8.972342e+01    2.640250e-21
 9.034660e+01    2.638086e-21
 9.097411e+01    2.635410e-21
 9.160598e+01    2.632738e-21
 9.224224e+01    2.630071e-21
 9.288292e+01    2.627408e-21
 9.352805e+01    2.624749e-21
 9.417766e+01    2.622095e-21
 9.483178e+01    2.619445e-21
 9.549045e+01    2.616799e-21
 9.615368e+01    2.614157e-21
 9.682153e+01    2.611519e-21
 9.749402e+01    2.608886e-21
 9.817117e+01    2.606257e-21
 9.885303e+01    2.603631e-21
 9.953962e+01    2.601010e-21
 1.002310e+02    2.597779e-21
 1.009272e+02    2.593330e-21
 1.016282e+02    2.588890e-21
 1.023340e+02    2.584460e-21
 1.030448e+02    2.580040e-21
 1.037605e+02    2.575630e-21
 1.044812e+02    2.571230e-21
 1.052069e+02    2.566840e-21
 1.059376e+02    2.562459e-21
 1.066734e+02    2.558087e-21
 1.074143e+02    2.553726e-21
 1.081604e+02    2.549373e-21
 1.089116e+02    2.545030e-21
 1.096681e+02    2.540697e-21
 1.104298e+02    2.536373e-21
 1.111968e+02    2.532057e-21
 1.119691e+02    2.527752e-21
 1.127468e+02    2.523455e-21
 1.135299e+02    2.519167e-21
 1.143184e+02    2.514888e-21
 1.151124e+02    2.510619e-21
 1.159120e+02    2.506358e-21
 1.167170e+02    2.502106e-21
 1.175277e+02    2.497863e-21
 1.183440e+02    2.493628e-21
 1.191660e+02    2.489402e-21
 1.199937e+02    2.485185e-21
 1.208271e+02    2.480977e-21
 1.216663e+02    2.476777e-21
 1.225114e+02    2.472586e-21
 1.233623e+02    2.468403e-21
 1.242191e+02    2.464228e-21
 1.250819e+02    2.459903e-21
 1.259506e+02    2.454041e-21
 1.268255e+02    2.448196e-21
 1.277063e+02    2.442367e-21
 1.285933e+02    2.436554e-21
 1.294865e+02    2.430758e-21
 1.303858e+02    2.424977e-21
 1.312915e+02    2.419212e-21
 1.322034e+02    2.413464e-21
 1.331216e+02    2.407731e-21
 1.340462e+02    2.402013e-21
 1.349772e+02    2.396311e-21
 1.359147e+02    2.390625e-21
 1.368587e+02    2.384953e-21
 1.378093e+02    2.379297e-21
 1.387665e+02    2.373657e-21
 1.397303e+02    2.368031e-21
 1.407008e+02    2.362420e-21
 1.416781e+02    2.356824e-21
 1.426621e+02    2.351243e-21
 1.436530e+02    2.345677e-21
 1.446507e+02    2.340125e-21
 1.456554e+02    2.334588e-21
 1.466671e+02    2.329065e-21
 1.476858e+02    2.323557e-21
 1.487115e+02    2.318063e-21
 1.497444e+02    2.312583e-21
 1.507845e+02    2.306486e-21
 1.518318e+02    2.300200e-21
 1.528864e+02    2.293932e-21
 1.539482e+02    2.287682e-21
 1.550175e+02    2.281449e-21
 1.560942e+02    2.275235e-21
 1.571784e+02    2.269039e-21
 1.582701e+02    2.262860e-21
 1.593694e+02    2.256699e-21
 1.604763e+02    2.250555e-21
 1.615909e+02    2.244429e-21
 1.627132e+02    2.238321e-21
 1.638434e+02    2.232229e-21
 1.649814e+02    2.226156e-21
 1.661273e+02    2.220099e-21
 1.672811e+02    2.214059e-21
 1.684430e+02    2.208037e-21
 1.696129e+02    2.202032e-21
 1.707910e+02    2.196044e-21
 1.719772e+02    2.190072e-21
 1.731717e+02    2.184118e-21
 1.743745e+02    2.178180e-21
 1.755856e+02    2.171997e-21
 1.768052e+02    2.165552e-21
 1.780332e+02    2.159127e-21
 1.792698e+02    2.152721e-21
 1.805149e+02    2.146335e-21
 1.817687e+02    2.139968e-21
 1.830312e+02    2.133621e-21
 1.843024e+02    2.127293e-21
 1.855825e+02    2.120984e-21
 1.868715e+02    2.114694e-21
 1.881694e+02    2.108424e-21
 1.894764e+02    2.102172e-21
 1.907924e+02    2.095939e-21
 1.921176e+02    2.089725e-21
 1.934520e+02    2.083530e-21
 1.947956e+02    2.077354e-21
 1.961486e+02    2.071196e-21
 1.975110e+02    2.065057e-21
 1.988828e+02    2.058937e-21
 2.002641e+02    2.052755e-21
 2.016551e+02    2.046255e-21
 2.030557e+02    2.039775e-21
 2.044661e+02    2.033316e-21
 2.058862e+02    2.026878e-21
 2.073162e+02    2.020460e-21
 2.087561e+02    2.014063e-21
 2.102061e+02    2.007686e-21
 2.116661e+02    2.001330e-21
 2.131362e+02    1.994995e-21
 2.146166e+02    1.988679e-21
 2.161073e+02    1.982384e-21
 2.176082e+02    1.976109e-21
 2.191197e+02    1.969854e-21
 2.206416e+02    1.963619e-21
 2.221741e+02    1.957404e-21
 2.237172e+02    1.951209e-21
 2.252711e+02    1.944945e-21
 2.268357e+02    1.938282e-21
 2.284112e+02    1.931642e-21
 2.299977e+02    1.925025e-21
 2.315951e+02    1.918430e-21
 2.332037e+02    1.911859e-21
 2.348235e+02    1.905310e-21
 2.364545e+02    1.898783e-21
 2.380968e+02    1.892279e-21
 2.397505e+02    1.885798e-21
 2.414157e+02    1.879339e-21
 2.430925e+02    1.872902e-21
 2.447809e+02    1.866487e-21
 2.464811e+02    1.860095e-21
 2.481930e+02    1.853724e-21
 2.499169e+02    1.847375e-21
 2.516527e+02    1.840540e-21
 2.534006e+02    1.833704e-21
 2.551606e+02    1.826894e-21
 2.569329e+02    1.820109e-21
 2.587174e+02    1.813350e-21
 2.605144e+02    1.806616e-21
 2.623238e+02    1.799906e-21
 2.641458e+02    1.793222e-21
 2.659804e+02    1.786563e-21
 2.678278e+02    1.779928e-21
 2.696881e+02    1.773319e-21
 2.715612e+02    1.766734e-21
 2.734474e+02    1.760173e-21
 2.753466e+02    1.753521e-21
 2.772591e+02    1.746373e-21
 2.791848e+02    1.739254e-21
 2.811239e+02    1.732165e-21
 2.830765e+02    1.725104e-21
 2.850426e+02    1.718072e-21
 2.870224e+02    1.711069e-21
 2.890160e+02    1.704095e-21
 2.910234e+02    1.697149e-21
 2.930447e+02    1.690231e-21
 2.950801e+02    1.683342e-21
 2.971296e+02    1.676480e-21
 2.991933e+02    1.669647e-21
 3.012714e+02    1.666993e-21
 3.033639e+02    1.666993e-21
 3.054710e+02    1.666993e-21
 3.075926e+02    1.666993e-21
 3.097291e+02    1.666993e-21
 3.118803e+02    1.666993e-21
 3.140465e+02    1.666993e-21
 3.162278e+02    1.666993e-21
-----------------------------

EXCITATION
Ar -> Ar*(13.0eV)
 1.300000e+01
SPECIES :  e / Ar
PROCESS:  E + Ar -> Ar_*(13.00 eV) + E, Excitation
PARAM.:   E = 13.00
COMMENT:  None
UPDATED:  03/05/24
COLUMNS: Energy (eV) | Cross section (m2)
-----------------------------
 1.300000e+01    0.000000e+00
 1.301000e+01    6.000000e-26
 1.304000e+01    2.109000e-23
 1.307000e+01    4.291000e-23
 1.311000e+01    6.550000e-23
 1.315000e+01    8.889000e-23
 1.319000e+01    1.131000e-22
 1.323000e+01    1.563000e-22
 1.327000e+01    2.082000e-22
 1.332000e+01    2.619000e-22
 1.336000e+01    3.175000e-22
 1.341000e+01    3.675000e-22
 1.346000e+01    3.973000e-22
 1.351000e+01    4.281000e-22
 1.357000e+01    4.601000e-22
 1.362000e+01    4.931000e-22
 1.368000e+01    5.273000e-22
 1.374000e+01    5.627000e-22
 1.380000e+01    5.993000e-22
 1.386000e+01    6.373000e-22
 1.393000e+01    6.765000e-22
 1.400000e+01    7.172000e-22
 1.407000e+01    7.635000e-22
 1.414000e+01    8.117000e-22
 1.421000e+01    8.617000e-22
 1.429000e+01    9.134000e-22
 1.437000e+01    9.670000e-22
 1.445000e+01    1.022000e-21
 1.454000e+01    1.080000e-21
 1.463000e+01    1.139000e-21
 1.472000e+01    1.201000e-21
 1.482000e+01    1.264000e-21
 1.492000e+01    1.330000e-21
 1.502000e+01    1.398000e-21
 1.513000e+01    1.469000e-21
 1.524000e+01    1.542000e-21
 1.535000e+01    1.618000e-21
 1.547000e+01    1.696000e-21
 1.559000e+01    1.777000e-21
 1.572000e+01    1.861000e-21
 1.585000e+01    1.948000e-21
 1.598000e+01    2.037000e-21
 1.612000e+01    2.115000e-21
 1.627000e+01    2.193000e-21
 1.642000e+01    2.273000e-21
 1.657000e+01    2.357000e-21
 1.673000e+01    2.443000e-21
 1.690000e+01    2.533000e-21
 1.707000e+01    2.625000e-21
 1.725000e+01    2.721000e-21
 1.743000e+01    2.820000e-21
 1.762000e+01    2.923000e-21
 1.782000e+01    3.029000e-21
 1.803000e+01    3.139000e-21
 1.824000e+01    3.253000e-21
 1.846000e+01    3.370000e-21
 1.868000e+01    3.492000e-21
 1.892000e+01    3.619000e-21
 1.916000e+01    3.749000e-21
 1.941000e+01    3.885000e-21
 1.967000e+01    4.025000e-21
 1.994000e+01    4.170000e-21
 2.022000e+01    4.227000e-21
 2.051000e+01    4.261000e-21
 2.081000e+01    4.297000e-21
 2.112000e+01    4.334000e-21
 2.144000e+01    4.373000e-21
 2.177000e+01    4.413000e-21
 2.212000e+01    4.454000e-21
 2.247000e+01    4.497000e-21
 2.284000e+01    4.541000e-21
 2.322000e+01    4.586000e-21
 2.361000e+01    4.634000e-21
 2.402000e+01    4.683000e-21
 2.445000e+01    4.733000e-21
 2.488000e+01    4.786000e-21
 2.534000e+01    4.840000e-21
 2.580000e+01    4.896000e-21
 2.629000e+01    4.955000e-21
 2.679000e+01    5.015000e-21
 2.731000e+01    5.077000e-21
 2.785000e+01    5.142000e-21
 2.841000e+01    5.209000e-21
 2.898000e+01    5.278000e-21
 2.958000e+01    5.350000e-21
 3.020000e+01    5.398000e-21
 3.084000e+01    5.392000e-21
 3.150000e+01    5.385000e-21
 3.218000e+01    5.378000e-21
 3.289000e+01    5.371000e-21
 3.363000e+01    5.364000e-21
 3.439000e+01    5.356000e-21
 3.517000e+01    5.348000e-21
 3.599000e+01    5.340000e-21
 3.683000e+01    5.332000e-21
 3.770000e+01    5.323000e-21
 3.861000e+01    5.314000e-21
 3.954000e+01    5.305000e-21
 4.051000e+01    5.285000e-21
 4.151000e+01    5.255000e-21
 4.255000e+01    5.224000e-21
 4.362000e+01    5.191000e-21
 4.473000e+01    5.158000e-21
 4.588000e+01    5.123000e-21
 4.708000e+01    5.088000e-21
 4.831000e+01    5.051000e-21
 4.958000e+01    5.012000e-21
 5.090000e+01    4.964000e-21
 5.227000e+01    4.909000e-21
 5.369000e+01    4.853000e-21
 5.515000e+01    4.794000e-21
 5.667000e+01    4.733000e-21
 5.824000e+01    4.670000e-21
 5.986000e+01    4.605000e-21
 6.155000e+01    4.546000e-21
 6.329000e+01    4.485000e-21
 6.509000e+01    4.422000e-21
 6.695000e+01    4.357000e-21
 6.889000e+01    4.289000e-21
 7.088000e+01    4.219000e-21
 7.295000e+01    4.147000e-21
 7.510000e+01    4.072000e-21
 7.731000e+01    3.994000e-21
 7.961000e+01    3.914000e-21
 8.198000e+01    3.850000e-21
 8.444000e+01    3.789000e-21
 8.699000e+01    3.725000e-21
 8.962000e+01    3.659000e-21
 9.235000e+01    3.591000e-21
 9.518000e+01    3.521000e-21
 9.810000e+01    3.448000e-21
 1.011000e+02    3.382000e-21
 1.043000e+02    3.332000e-21
 1.075000e+02    3.280000e-21
 1.109000e+02    3.226000e-21
 1.143000e+02    3.171000e-21
 1.179000e+02    3.113000e-21
 1.216000e+02    3.054000e-21
 1.255000e+02    2.992000e-21
 1.295000e+02    2.928000e-21
 1.336000e+02    2.862000e-21
 1.379000e+02    2.794000e-21
 1.423000e+02    2.723000e-21
 1.469000e+02    2.650000e-21
 1.516000e+02    2.584000e-21
 1.565000e+02    2.535000e-21
 1.616000e+02    2.484000e-21
 1.669000e+02    2.431000e-21
 1.723000e+02    2.377000e-21
 1.780000e+02    2.320000e-21
 1.838000e+02    2.262000e-21
 1.898000e+02    2.202000e-21
 1.961000e+02    2.139000e-21
 2.025000e+02    2.089000e-21
 2.092000e+02    2.058000e-21
 2.162000e+02    2.027000e-21
 2.233000e+02    1.995000e-21
 2.308000e+02    1.962000e-21
 2.385000e+02    1.927000e-21
 2.464000e+02    1.891000e-21
 2.547000e+02    1.854000e-21
 2.632000e+02    1.816000e-21
 2.720000e+02    1.776000e-21
 2.812000e+02    1.735000e-21
 2.906000e+02    1.692000e-21
 3.004000e+02    1.649000e-21
 3.105000e+02    1.621000e-21
 3.210000e+02    1.592000e-21
 3.319000e+02    1.562000e-21
 3.431000e+02    1.531000e-21
 3.548000e+02    1.499000e-21
 3.668000e+02    1.466000e-21
 3.793000e+02    1.432000e-21
 3.922000e+02    1.396000e-21
 4.056000e+02    1.360000e-21
 4.194000e+02    1.322000e-21
 4.337000e+02    1.282000e-21
 4.485000e+02    1.242000e-21
 4.639000e+02    1.199000e-21
 4.797000e+02    1.156000e-21
 4.962000e+02    1.111000e-21
 5.132000e+02    1.082000e-21
 5.308000e+02    1.058000e-21
 5.490000e+02    1.034000e-21
 5.679000e+02    1.008000e-21
 5.874000e+02    9.820000e-22
 6.077000e+02    9.547000e-22
 6.286000e+02    9.264000e-22
 6.503000e+02    8.971000e-22
 6.727000e+02    8.669000e-22
 6.959000e+02    8.355000e-22
 7.199000e+02    8.147000e-22
 7.448000e+02    7.956000e-22
 7.706000e+02    7.759000e-22
 7.972000e+02    7.555000e-22
 8.248000e+02    7.343000e-22
 8.534000e+02    7.124000e-22
 8.830000e+02    6.897000e-22
 9.136000e+02    6.663000e-22
 9.453000e+02    6.420000e-22
 9.781000e+02    6.168000e-22
-----------------------------

EXCITATION
Ar -> Ar*(14.0eV)
 1.400000e+01
SPECIES :  e / Ar
PROCESS:  E + Ar -> Ar_*(14.00 eV) + E, Excitation
PARAM.:   E = 14.00
COMMENT:  None
UPDATED:  03/05/24
COLUMNS: Energy (eV) | Cross section (m2)
-----------------------------
 1.400000e+01    0.000000e+00
 1.401000e+01    3.350000e-26
 1.404000e+01    1.177000e-23
 1.407000e+01    2.396000e-23
 1.411000e+01    3.657000e-23
 1.415000e+01    4.963000e-23
 1.419000e+01    6.315000e-23
 1.423000e+01    7.714000e-23
 1.427000e+01    9.162000e-23
 1.432000e+01    1.066000e-22
 1.436000e+01    1.221000e-22
 1.441000e+01    1.382000e-22
 1.446000e+01    1.548000e-22
 1.451000e+01    1.720000e-22
 1.457000e+01    1.899000e-22
 1.462000e+01    2.083000e-22
 1.468000e+01    2.274000e-22
 1.474000e+01    2.472000e-22
 1.480000e+01    2.676000e-22
 1.486000e+01    2.888000e-22
 1.493000e+01    3.107000e-22
 1.500000e+01    3.334000e-22
 1.507000e+01    3.569000e-22
 1.514000e+01    3.812000e-22
 1.521000e+01    4.064000e-22
 1.529000e+01    4.324000e-22
 1.537000e+01    4.594000e-22
 1.545000e+01    4.873000e-22
 1.554000e+01    5.162000e-22
 1.563000e+01    5.461000e-22
 1.572000e+01    5.771000e-22
 1.582000e+01    6.092000e-22
 1.592000e+01    6.423000e-22
 1.602000e+01    6.741000e-22
 1.613000e+01    6.962000e-22
 1.624000e+01    7.190000e-22
 1.635000e+01    7.426000e-22
 1.647000e+01    7.670000e-22
 1.659000e+01    7.923000e-22
 1.672000e+01    8.184000e-22
 1.685000e+01    8.455000e-22
 1.698000e+01    8.736000e-22
 1.712000e+01    9.026000e-22
 1.727000e+01    9.327000e-22
 1.742000e+01    9.638000e-22
 1.757000e+01    9.960000e-22
 1.773000e+01    1.029000e-21
 1.790000e+01    1.064000e-21
 1.807000e+01    1.100000e-21
 1.825000e+01    1.136000e-21
 1.843000e+01    1.175000e-21
 1.862000e+01    1.214000e-21
 1.882000e+01    1.255000e-21
 1.903000e+01    1.298000e-21
 1.924000e+01    1.342000e-21
 1.946000e+01    1.387000e-21
 1.968000e+01    1.434000e-21
 1.992000e+01    1.483000e-21
 2.016000e+01    1.523000e-21
 2.041000e+01    1.558000e-21
 2.067000e+01    1.594000e-21
 2.094000e+01    1.632000e-21
 2.122000e+01    1.671000e-21
 2.151000e+01    1.712000e-21
 2.181000e+01    1.753000e-21
 2.212000e+01    1.797000e-21
 2.244000e+01    1.842000e-21
 2.277000e+01    1.888000e-21
 2.312000e+01    1.936000e-21
 2.347000e+01    1.986000e-21
 2.384000e+01    2.037000e-21
 2.422000e+01    2.091000e-21
 2.461000e+01    2.146000e-21
 2.502000e+01    2.203000e-21
 2.545000e+01    2.262000e-21
 2.588000e+01    2.324000e-21
 2.634000e+01    2.387000e-21
 2.680000e+01    2.453000e-21
 2.729000e+01    2.520000e-21
 2.779000e+01    2.591000e-21
 2.831000e+01    2.664000e-21
 2.885000e+01    2.739000e-21
 2.941000e+01    2.817000e-21
 2.998000e+01    2.898000e-21
 3.058000e+01    2.935000e-21
 3.120000e+01    2.972000e-21
 3.184000e+01    3.010000e-21
 3.250000e+01    3.050000e-21
 3.318000e+01    3.091000e-21
 3.389000e+01    3.134000e-21
 3.463000e+01    3.178000e-21
 3.539000e+01    3.223000e-21
 3.617000e+01    3.270000e-21
 3.699000e+01    3.319000e-21
 3.783000e+01    3.370000e-21
 3.870000e+01    3.422000e-21
 3.961000e+01    3.476000e-21
 4.054000e+01    3.522000e-21
 4.151000e+01    3.560000e-21
 4.251000e+01    3.600000e-21
 4.355000e+01    3.642000e-21
 4.462000e+01    3.685000e-21
 4.573000e+01    3.729000e-21
 4.688000e+01    3.775000e-21
 4.808000e+01    3.823000e-21
 4.931000e+01    3.872000e-21
 5.058000e+01    3.912000e-21
 5.190000e+01    3.938000e-21
 5.327000e+01    3.965000e-21
 5.469000e+01    3.994000e-21
 5.615000e+01    4.023000e-21
 5.767000e+01    4.053000e-21
 5.924000e+01    4.085000e-21
 6.086000e+01    4.126000e-21
 6.255000e+01    4.176000e-21
 6.429000e+01    4.229000e-21
 6.609000e+01    4.283000e-21
 6.795000e+01    4.339000e-21
 6.989000e+01    4.397000e-21
 7.188000e+01    4.457000e-21
 7.395000e+01    4.519000e-21
 7.610000e+01    4.583000e-21
 7.831000e+01    4.649000e-21
 8.061000e+01    4.700000e-21
 8.298000e+01    4.700000e-21
 8.544000e+01    4.700000e-21
 8.799000e+01    4.700000e-21
 9.062000e+01    4.700000e-21
 9.335000e+01    4.700000e-21
 9.618000e+01    4.700000e-21
 9.910000e+01    4.700000e-21
 1.021000e+02    4.687000e-21
 1.053000e+02    4.668000e-21
 1.085000e+02    4.649000e-21
 1.119000e+02    4.629000e-21
 1.153000e+02    4.608000e-21
 1.189000e+02    4.586000e-21
 1.226000e+02    4.564000e-21
 1.265000e+02    4.541000e-21
 1.305000e+02    4.517000e-21
 1.346000e+02    4.492000e-21
 1.389000e+02    4.467000e-21
 1.433000e+02    4.440000e-21
 1.479000e+02    4.413000e-21
 1.526000e+02    4.363000e-21
 1.575000e+02    4.294000e-21
 1.626000e+02    4.223000e-21
 1.679000e+02    4.150000e-21
 1.733000e+02    4.073000e-21
 1.790000e+02    3.995000e-21
 1.848000e+02    3.913000e-21
 1.908000e+02    3.828000e-21
 1.971000e+02    3.741000e-21
 2.035000e+02    3.670000e-21
 2.102000e+02    3.613000e-21
 2.172000e+02    3.554000e-21
 2.243000e+02    3.493000e-21
 2.318000e+02    3.430000e-21
 2.395000e+02    3.365000e-21
 2.474000e+02    3.297000e-21
 2.557000e+02    3.227000e-21
 2.642000e+02    3.154000e-21
 2.730000e+02    3.079000e-21
 2.822000e+02    3.002000e-21
 2.916000e+02    2.921000e-21
 3.014000e+02    2.843000e-21
 3.115000e+02    2.795000e-21
 3.220000e+02    2.745000e-21
 3.329000e+02    2.694000e-21
 3.441000e+02    2.640000e-21
 3.558000e+02    2.585000e-21
 3.678000e+02    2.528000e-21
 3.803000e+02    2.469000e-21
 3.932000e+02    2.407000e-21
 4.066000e+02    2.344000e-21
 4.204000e+02    2.278000e-21
 4.347000e+02    2.210000e-21
 4.495000e+02    2.140000e-21
 4.649000e+02    2.067000e-21
 4.807000e+02    1.992000e-21
 4.972000e+02    1.913000e-21
 5.142000e+02    1.872000e-21
 5.318000e+02    1.836000e-21
 5.500000e+02    1.800000e-21
 5.689000e+02    1.762000e-21
 5.884000e+02    1.723000e-21
 6.087000e+02    1.683000e-21
 6.296000e+02    1.641000e-21
 6.513000e+02    1.597000e-21
 6.737000e+02    1.553000e-21
 6.969000e+02    1.506000e-21
 7.209000e+02    1.472000e-21
 7.458000e+02    1.439000e-21
 7.716000e+02    1.405000e-21
 7.982000e+02    1.369000e-21
 8.258000e+02    1.332000e-21
 8.544000e+02    1.294000e-21
 8.840000e+02    1.255000e-21
 9.146000e+02    1.214000e-21
 9.463000e+02    1.172000e-21
 9.791000e+02    1.128000e-21
-----------------------------

IONIZATION
Ar -> Ar^+
 1.570000e+1
SPECIES: e / Ar
PROCESS: E + Ar -> E + E + Ar+, Ionization
PARAM.:  E = 15.7 eV, complete set
UPDATED: 2010-11-13 12:17:45
COLUMNS: Energy (eV) | Cross section (m2)
-----------------------------
 1.570000e+1	0.000000e+0
 1.571000e+1	1.033000e-25
 1.574000e+1	3.631000e-23
 1.577000e+1	7.390000e-23
 1.581000e+1	1.128000e-22
 1.585000e+1	1.531000e-22
 1.589000e+1	1.948000e-22
 1.593000e+1	2.379000e-22
 1.597000e+1	2.826000e-22
 1.602000e+1	3.330000e-22
 1.606000e+1	3.914000e-22
 1.611000e+1	4.518000e-22
 1.616000e+1	5.143000e-22
 1.621000e+1	5.791000e-22
 1.627000e+1	6.461000e-22
 1.632000e+1	7.155000e-22
 1.638000e+1	7.873000e-22
 1.644000e+1	8.616000e-22
 1.650000e+1	9.386000e-22
 1.656000e+1	1.026000e-21
 1.663000e+1	1.116000e-21
 1.670000e+1	1.209000e-21
 1.677000e+1	1.306000e-21
 1.684000e+1	1.406000e-21
 1.691000e+1	1.510000e-21
 1.699000e+1	1.617000e-21
 1.707000e+1	1.733000e-21
 1.715000e+1	1.853000e-21
 1.724000e+1	1.977000e-21
 1.733000e+1	2.106000e-21
 1.742000e+1	2.239000e-21
 1.752000e+1	2.378000e-21
 1.762000e+1	2.526000e-21
 1.772000e+1	2.680000e-21
 1.783000e+1	2.839000e-21
 1.794000e+1	3.004000e-21
 1.805000e+1	3.175000e-21
 1.817000e+1	3.354000e-21
 1.829000e+1	3.540000e-21
 1.842000e+1	3.731000e-21
 1.855000e+1	3.933000e-21
 1.868000e+1	4.146000e-21
 1.882000e+1	4.367000e-21
 1.897000e+1	4.596000e-21
 1.912000e+1	4.837000e-21
 1.927000e+1	5.089000e-21
 1.943000e+1	5.349000e-21
 1.960000e+1	5.618000e-21
 1.977000e+1	5.897000e-21
 1.995000e+1	6.186000e-21
 2.013000e+1	6.498000e-21
 2.032000e+1	6.826000e-21
 2.052000e+1	7.161000e-21
 2.073000e+1	7.464000e-21
 2.094000e+1	7.777000e-21
 2.116000e+1	8.092000e-21
 2.138000e+1	8.414000e-21
 2.162000e+1	8.757000e-21
 2.186000e+1	9.122000e-21
 2.211000e+1	9.468000e-21
 2.237000e+1	9.786000e-21
 2.264000e+1	1.013000e-20
 2.292000e+1	1.050000e-20
 2.321000e+1	1.085000e-20
 2.351000e+1	1.121000e-20
 2.382000e+1	1.158000e-20
 2.414000e+1	1.197000e-20
 2.447000e+1	1.237000e-20
 2.482000e+1	1.278000e-20
 2.517000e+1	1.317000e-20
 2.554000e+1	1.355000e-20
 2.592000e+1	1.400000e-20
 2.631000e+1	1.440000e-20
 2.672000e+1	1.479000e-20
 2.715000e+1	1.519000e-20
 2.758000e+1	1.560000e-20
 2.804000e+1	1.604000e-20
 2.850000e+1	1.650000e-20
 2.899000e+1	1.699000e-20
 2.949000e+1	1.749000e-20
 3.001000e+1	1.801000e-20
 3.055000e+1	1.844000e-20
 3.111000e+1	1.888000e-20
 3.168000e+1	1.935000e-20
 3.228000e+1	1.981000e-20
 3.290000e+1	2.027000e-20
 3.354000e+1	2.075000e-20
 3.420000e+1	2.123000e-20
 3.488000e+1	2.167000e-20
 3.559000e+1	2.214000e-20
 3.633000e+1	2.255000e-20
 3.709000e+1	2.289000e-20
 3.787000e+1	2.324000e-20
 3.869000e+1	2.351000e-20
 3.953000e+1	2.376000e-20
 4.040000e+1	2.398000e-20
 4.131000e+1	2.416000e-20
 4.224000e+1	2.435000e-20
 4.321000e+1	2.454000e-20
 4.421000e+1	2.474000e-20
 4.525000e+1	2.492000e-20
 4.632000e+1	2.501000e-20
 4.743000e+1	2.509000e-20
 4.858000e+1	2.519000e-20
 4.978000e+1	2.528000e-20
 5.101000e+1	2.544000e-20
 5.228000e+1	2.562000e-20
 5.360000e+1	2.580000e-20
 5.497000e+1	2.600000e-20
 5.639000e+1	2.617000e-20
 5.785000e+1	2.634000e-20
 5.937000e+1	2.652000e-20
 6.094000e+1	2.673000e-20
 6.256000e+1	2.696000e-20
 6.425000e+1	2.719000e-20
 6.599000e+1	2.738000e-20
 6.779000e+1	2.752000e-20
 6.965000e+1	2.767000e-20
 7.159000e+1	2.786000e-20
 7.358000e+1	2.806000e-20
 7.565000e+1	2.823000e-20
 7.780000e+1	2.831000e-20
 8.001000e+1	2.840000e-20
 8.231000e+1	2.845000e-20
 8.468000e+1	2.849000e-20
 8.714000e+1	2.854000e-20
 8.969000e+1	2.859000e-20
 9.232000e+1	2.860000e-20
 9.505000e+1	2.860000e-20
 9.788000e+1	2.854000e-20
 1.008000e+2	2.848000e-20
 1.038000e+2	2.842000e-20
 1.070000e+2	2.836000e-20
 1.102000e+2	2.830000e-20
 1.136000e+2	2.823000e-20
 1.170000e+2	2.816000e-20
 1.206000e+2	2.807000e-20
 1.243000e+2	2.788000e-20
 1.282000e+2	2.769000e-20
 1.322000e+2	2.753000e-20
 1.363000e+2	2.741000e-20
 1.406000e+2	2.727000e-20
 1.450000e+2	2.705000e-20
 1.496000e+2	2.682000e-20
 1.543000e+2	2.654000e-20
 1.592000e+2	2.625000e-20
 1.643000e+2	2.598000e-20
 1.696000e+2	2.572000e-20
 1.750000e+2	2.545000e-20
 1.807000e+2	2.516000e-20
 1.865000e+2	2.478000e-20
 1.925000e+2	2.439000e-20
 1.988000e+2	2.398000e-20
 2.052000e+2	2.367000e-20
 2.119000e+2	2.337000e-20
 2.189000e+2	2.307000e-20
 2.260000e+2	2.275000e-20
 2.335000e+2	2.243000e-20
 2.412000e+2	2.209000e-20
 2.491000e+2	2.174000e-20
 2.574000e+2	2.142000e-20
 2.659000e+2	2.110000e-20
 2.747000e+2	2.076000e-20
 2.839000e+2	2.041000e-20
 2.933000e+2	2.005000e-20
 3.031000e+2	1.969000e-20
 3.132000e+2	1.935000e-20
 3.237000e+2	1.899000e-20
 3.346000e+2	1.862000e-20
 3.458000e+2	1.824000e-20
 3.575000e+2	1.791000e-20
 3.695000e+2	1.759000e-20
 3.820000e+2	1.727000e-20
 3.949000e+2	1.693000e-20
 4.083000e+2	1.659000e-20
 4.221000e+2	1.623000e-20
 4.364000e+2	1.585000e-20
 4.512000e+2	1.548000e-20
 4.666000e+2	1.520000e-20
 4.824000e+2	1.492000e-20
 4.989000e+2	1.462000e-20
 5.159000e+2	1.435000e-20
 5.335000e+2	1.406000e-20
 5.517000e+2	1.377000e-20
 5.706000e+2	1.347000e-20
 5.901000e+2	1.316000e-20
 6.104000e+2	1.285000e-20
 6.313000e+2	1.256000e-20
 6.530000e+2	1.226000e-20
 6.754000e+2	1.194000e-20
 6.986000e+2	1.162000e-20
 7.226000e+2	1.137000e-20
 7.475000e+2	1.112000e-20
 7.733000e+2	1.087000e-20
 7.999000e+2	1.060000e-20
 8.275000e+2	1.039000e-20
 8.561000e+2	1.018000e-20
 8.857000e+2	9.958000e-21
 9.163000e+2	9.736000e-21
 9.480000e+2	9.514000e-21
 9.808000e+2	9.285000e-21
-----------------------------
xxxxxxxxxxxxxxxxxxxxxxxxxxxxxxxxxxxxxxxxxxxxxxxxxxxxxxxxxxxxxxxxxxxxxxxxxxxxxxxxxxxxxxxxxxxxxxxxxxxxxxxxxxxxxxxxxxxxxxxx
